(kicad_pcb (version 20171130) (host pcbnew "(5.0.0)")

  (general
    (thickness 1.6)
    (drawings 91)
    (tracks 88)
    (zones 0)
    (modules 32)
    (nets 25)
  )

  (page A4)
  (layers
    (0 F.Cu signal)
    (31 B.Cu signal)
    (32 B.Adhes user)
    (33 F.Adhes user)
    (34 B.Paste user)
    (35 F.Paste user)
    (36 B.SilkS user)
    (37 F.SilkS user)
    (38 B.Mask user)
    (39 F.Mask user)
    (40 Dwgs.User user)
    (41 Cmts.User user)
    (42 Eco1.User user)
    (43 Eco2.User user)
    (44 Edge.Cuts user)
    (45 Margin user)
    (46 B.CrtYd user)
    (47 F.CrtYd user)
    (48 B.Fab user)
    (49 F.Fab user)
  )

  (setup
    (last_trace_width 2)
    (trace_clearance 0.2)
    (zone_clearance 0.508)
    (zone_45_only no)
    (trace_min 0.2)
    (segment_width 0.15)
    (edge_width 0.15)
    (via_size 0.8)
    (via_drill 0.4)
    (via_min_size 0.4)
    (via_min_drill 0.3)
    (uvia_size 0.3)
    (uvia_drill 0.1)
    (uvias_allowed no)
    (uvia_min_size 0.2)
    (uvia_min_drill 0.1)
    (pcb_text_width 0.3)
    (pcb_text_size 1.5 1.5)
    (mod_edge_width 0.15)
    (mod_text_size 1 1)
    (mod_text_width 0.15)
    (pad_size 1.8 1.8)
    (pad_drill 0.9)
    (pad_to_mask_clearance 0.2)
    (aux_axis_origin 0 0)
    (visible_elements 7FFFFFFF)
    (pcbplotparams
      (layerselection 0x01000_fffffffe)
      (usegerberextensions false)
      (usegerberattributes false)
      (usegerberadvancedattributes false)
      (creategerberjobfile false)
      (excludeedgelayer false)
      (linewidth 0.100000)
      (plotframeref false)
      (viasonmask false)
      (mode 1)
      (useauxorigin false)
      (hpglpennumber 1)
      (hpglpenspeed 20)
      (hpglpendiameter 15.000000)
      (psnegative false)
      (psa4output false)
      (plotreference true)
      (plotvalue true)
      (plotinvisibletext false)
      (padsonsilk false)
      (subtractmaskfromsilk false)
      (outputformat 1)
      (mirror false)
      (drillshape 0)
      (scaleselection 1)
      (outputdirectory ""))
  )

  (net 0 "")
  (net 1 "Net-(D1-Pad1)")
  (net 2 "Net-(D1-Pad2)")
  (net 3 "Net-(D5-Pad2)")
  (net 4 "Net-(D6-Pad2)")
  (net 5 "Net-(D7-Pad2)")
  (net 6 "Net-(D10-Pad1)")
  (net 7 "Net-(D10-Pad2)")
  (net 8 "Net-(D11-Pad2)")
  (net 9 "Net-(D12-Pad2)")
  (net 10 "Net-(D13-Pad1)")
  (net 11 "Net-(D17-Pad2)")
  (net 12 "Net-(D17-Pad1)")
  (net 13 "Net-(D21-Pad1)")
  (net 14 "Net-(D22-Pad1)")
  (net 15 "Net-(D23-Pad1)")
  (net 16 "Net-(D2-Pad1)")
  (net 17 "Net-(D3-Pad1)")
  (net 18 "Net-(D4-Pad1)")
  (net 19 "Net-(D14-Pad1)")
  (net 20 "Net-(D15-Pad1)")
  (net 21 "Net-(D16-Pad1)")
  (net 22 "Net-(D20-Pad1)")
  (net 23 "Net-(D18-Pad1)")
  (net 24 "Net-(D19-Pad1)")

  (net_class Default "Esta es la clase de red por defecto."
    (clearance 0.2)
    (trace_width 2)
    (via_dia 0.8)
    (via_drill 0.4)
    (uvia_dia 0.3)
    (uvia_drill 0.1)
    (add_net "Net-(D1-Pad1)")
    (add_net "Net-(D1-Pad2)")
    (add_net "Net-(D10-Pad1)")
    (add_net "Net-(D10-Pad2)")
    (add_net "Net-(D11-Pad2)")
    (add_net "Net-(D12-Pad2)")
    (add_net "Net-(D13-Pad1)")
    (add_net "Net-(D14-Pad1)")
    (add_net "Net-(D15-Pad1)")
    (add_net "Net-(D16-Pad1)")
    (add_net "Net-(D17-Pad1)")
    (add_net "Net-(D17-Pad2)")
    (add_net "Net-(D18-Pad1)")
    (add_net "Net-(D19-Pad1)")
    (add_net "Net-(D2-Pad1)")
    (add_net "Net-(D20-Pad1)")
    (add_net "Net-(D21-Pad1)")
    (add_net "Net-(D22-Pad1)")
    (add_net "Net-(D23-Pad1)")
    (add_net "Net-(D3-Pad1)")
    (add_net "Net-(D4-Pad1)")
    (add_net "Net-(D5-Pad2)")
    (add_net "Net-(D6-Pad2)")
    (add_net "Net-(D7-Pad2)")
  )

  (module LED_THT:LED_D5.0mm_FlatTop (layer F.Cu) (tedit 5880A862) (tstamp 5C8102CC)
    (at 203.2 99.06 180)
    (descr "LED, Round, FlatTop, diameter 5.0mm, 2 pins, http://www.kingbright.com/attachments/file/psearch/000/00/00/L-483GDT(Ver.15B).pdf")
    (tags "LED Round FlatTop diameter 5.0mm 2 pins")
    (path /5C758038)
    (fp_text reference D1 (at 1.27 -4.01 180) (layer F.SilkS)
      (effects (font (size 1 1) (thickness 0.15)))
    )
    (fp_text value LED (at 1.27 4.01 180) (layer F.Fab)
      (effects (font (size 1 1) (thickness 0.15)))
    )
    (fp_arc (start 1.27 0) (end -1.23 -1.566046) (angle 295.9) (layer F.Fab) (width 0.1))
    (fp_arc (start 1.27 0) (end -1.29 -1.639512) (angle 147.4) (layer F.SilkS) (width 0.12))
    (fp_arc (start 1.27 0) (end -1.29 1.639512) (angle -147.4) (layer F.SilkS) (width 0.12))
    (fp_circle (center 1.27 0) (end 3.77 0) (layer F.Fab) (width 0.1))
    (fp_circle (center 1.27 0) (end 3.77 0) (layer F.SilkS) (width 0.12))
    (fp_line (start -1.23 -1.566046) (end -1.23 1.566046) (layer F.Fab) (width 0.1))
    (fp_line (start -1.29 -1.64) (end -1.29 1.64) (layer F.SilkS) (width 0.12))
    (fp_line (start -2 -3.3) (end -2 3.3) (layer F.CrtYd) (width 0.05))
    (fp_line (start -2 3.3) (end 4.55 3.3) (layer F.CrtYd) (width 0.05))
    (fp_line (start 4.55 3.3) (end 4.55 -3.3) (layer F.CrtYd) (width 0.05))
    (fp_line (start 4.55 -3.3) (end -2 -3.3) (layer F.CrtYd) (width 0.05))
    (pad 1 thru_hole rect (at 0 0 180) (size 1.8 1.8) (drill 0.9) (layers *.Cu *.Mask)
      (net 1 "Net-(D1-Pad1)"))
    (pad 2 thru_hole circle (at 2.54 0 180) (size 1.8 1.8) (drill 0.9) (layers *.Cu *.Mask)
      (net 2 "Net-(D1-Pad2)"))
    (model ${KISYS3DMOD}/LED_THT.3dshapes/LED_D5.0mm_FlatTop.wrl
      (at (xyz 0 0 0))
      (scale (xyz 1 1 1))
      (rotate (xyz 0 0 0))
    )
  )

  (module LED_THT:LED_D5.0mm_FlatTop (layer F.Cu) (tedit 5880A862) (tstamp 5C8102DD)
    (at 204.47 77.47 180)
    (descr "LED, Round, FlatTop, diameter 5.0mm, 2 pins, http://www.kingbright.com/attachments/file/psearch/000/00/00/L-483GDT(Ver.15B).pdf")
    (tags "LED Round FlatTop diameter 5.0mm 2 pins")
    (path /5C75803F)
    (fp_text reference D2 (at 1.27 -4.01 180) (layer F.SilkS)
      (effects (font (size 1 1) (thickness 0.15)))
    )
    (fp_text value LED (at 1.27 4.01 180) (layer F.Fab)
      (effects (font (size 1 1) (thickness 0.15)))
    )
    (fp_line (start 4.55 -3.3) (end -2 -3.3) (layer F.CrtYd) (width 0.05))
    (fp_line (start 4.55 3.3) (end 4.55 -3.3) (layer F.CrtYd) (width 0.05))
    (fp_line (start -2 3.3) (end 4.55 3.3) (layer F.CrtYd) (width 0.05))
    (fp_line (start -2 -3.3) (end -2 3.3) (layer F.CrtYd) (width 0.05))
    (fp_line (start -1.29 -1.64) (end -1.29 1.64) (layer F.SilkS) (width 0.12))
    (fp_line (start -1.23 -1.566046) (end -1.23 1.566046) (layer F.Fab) (width 0.1))
    (fp_circle (center 1.27 0) (end 3.77 0) (layer F.SilkS) (width 0.12))
    (fp_circle (center 1.27 0) (end 3.77 0) (layer F.Fab) (width 0.1))
    (fp_arc (start 1.27 0) (end -1.29 1.639512) (angle -147.4) (layer F.SilkS) (width 0.12))
    (fp_arc (start 1.27 0) (end -1.29 -1.639512) (angle 147.4) (layer F.SilkS) (width 0.12))
    (fp_arc (start 1.27 0) (end -1.23 -1.566046) (angle 295.9) (layer F.Fab) (width 0.1))
    (pad 2 thru_hole circle (at 2.54 0 180) (size 1.8 1.8) (drill 0.9) (layers *.Cu *.Mask)
      (net 1 "Net-(D1-Pad1)"))
    (pad 1 thru_hole rect (at 0 0 180) (size 1.8 1.8) (drill 0.9) (layers *.Cu *.Mask)
      (net 16 "Net-(D2-Pad1)"))
    (model ${KISYS3DMOD}/LED_THT.3dshapes/LED_D5.0mm_FlatTop.wrl
      (at (xyz 0 0 0))
      (scale (xyz 1 1 1))
      (rotate (xyz 0 0 0))
    )
  )

  (module LED_THT:LED_D5.0mm_FlatTop (layer F.Cu) (tedit 5880A862) (tstamp 5C8102EE)
    (at 219.71 63.5 180)
    (descr "LED, Round, FlatTop, diameter 5.0mm, 2 pins, http://www.kingbright.com/attachments/file/psearch/000/00/00/L-483GDT(Ver.15B).pdf")
    (tags "LED Round FlatTop diameter 5.0mm 2 pins")
    (path /5C758046)
    (fp_text reference D3 (at 1.27 -4.01 180) (layer F.SilkS)
      (effects (font (size 1 1) (thickness 0.15)))
    )
    (fp_text value LED (at 1.27 4.01 180) (layer F.Fab)
      (effects (font (size 1 1) (thickness 0.15)))
    )
    (fp_arc (start 1.27 0) (end -1.23 -1.566046) (angle 295.9) (layer F.Fab) (width 0.1))
    (fp_arc (start 1.27 0) (end -1.29 -1.639512) (angle 147.4) (layer F.SilkS) (width 0.12))
    (fp_arc (start 1.27 0) (end -1.29 1.639512) (angle -147.4) (layer F.SilkS) (width 0.12))
    (fp_circle (center 1.27 0) (end 3.77 0) (layer F.Fab) (width 0.1))
    (fp_circle (center 1.27 0) (end 3.77 0) (layer F.SilkS) (width 0.12))
    (fp_line (start -1.23 -1.566046) (end -1.23 1.566046) (layer F.Fab) (width 0.1))
    (fp_line (start -1.29 -1.64) (end -1.29 1.64) (layer F.SilkS) (width 0.12))
    (fp_line (start -2 -3.3) (end -2 3.3) (layer F.CrtYd) (width 0.05))
    (fp_line (start -2 3.3) (end 4.55 3.3) (layer F.CrtYd) (width 0.05))
    (fp_line (start 4.55 3.3) (end 4.55 -3.3) (layer F.CrtYd) (width 0.05))
    (fp_line (start 4.55 -3.3) (end -2 -3.3) (layer F.CrtYd) (width 0.05))
    (pad 1 thru_hole rect (at 0 0 180) (size 1.8 1.8) (drill 0.9) (layers *.Cu *.Mask)
      (net 17 "Net-(D3-Pad1)"))
    (pad 2 thru_hole circle (at 2.54 0 180) (size 1.8 1.8) (drill 0.9) (layers *.Cu *.Mask)
      (net 16 "Net-(D2-Pad1)"))
    (model ${KISYS3DMOD}/LED_THT.3dshapes/LED_D5.0mm_FlatTop.wrl
      (at (xyz 0 0 0))
      (scale (xyz 1 1 1))
      (rotate (xyz 0 0 0))
    )
  )

  (module LED_THT:LED_D5.0mm_FlatTop (layer F.Cu) (tedit 5880A862) (tstamp 5C8102FF)
    (at 241.3 64.77 180)
    (descr "LED, Round, FlatTop, diameter 5.0mm, 2 pins, http://www.kingbright.com/attachments/file/psearch/000/00/00/L-483GDT(Ver.15B).pdf")
    (tags "LED Round FlatTop diameter 5.0mm 2 pins")
    (path /5C75804D)
    (fp_text reference D4 (at 1.27 -4.01 180) (layer F.SilkS)
      (effects (font (size 1 1) (thickness 0.15)))
    )
    (fp_text value LED (at 1.27 4.01 180) (layer F.Fab)
      (effects (font (size 1 1) (thickness 0.15)))
    )
    (fp_line (start 4.55 -3.3) (end -2 -3.3) (layer F.CrtYd) (width 0.05))
    (fp_line (start 4.55 3.3) (end 4.55 -3.3) (layer F.CrtYd) (width 0.05))
    (fp_line (start -2 3.3) (end 4.55 3.3) (layer F.CrtYd) (width 0.05))
    (fp_line (start -2 -3.3) (end -2 3.3) (layer F.CrtYd) (width 0.05))
    (fp_line (start -1.29 -1.64) (end -1.29 1.64) (layer F.SilkS) (width 0.12))
    (fp_line (start -1.23 -1.566046) (end -1.23 1.566046) (layer F.Fab) (width 0.1))
    (fp_circle (center 1.27 0) (end 3.77 0) (layer F.SilkS) (width 0.12))
    (fp_circle (center 1.27 0) (end 3.77 0) (layer F.Fab) (width 0.1))
    (fp_arc (start 1.27 0) (end -1.29 1.639512) (angle -147.4) (layer F.SilkS) (width 0.12))
    (fp_arc (start 1.27 0) (end -1.29 -1.639512) (angle 147.4) (layer F.SilkS) (width 0.12))
    (fp_arc (start 1.27 0) (end -1.23 -1.566046) (angle 295.9) (layer F.Fab) (width 0.1))
    (pad 2 thru_hole circle (at 2.54 0 180) (size 1.8 1.8) (drill 0.9) (layers *.Cu *.Mask)
      (net 17 "Net-(D3-Pad1)"))
    (pad 1 thru_hole rect (at 0 0 180) (size 1.8 1.8) (drill 0.9) (layers *.Cu *.Mask)
      (net 18 "Net-(D4-Pad1)"))
    (model ${KISYS3DMOD}/LED_THT.3dshapes/LED_D5.0mm_FlatTop.wrl
      (at (xyz 0 0 0))
      (scale (xyz 1 1 1))
      (rotate (xyz 0 0 0))
    )
  )

  (module LED_THT:LED_D5.0mm_FlatTop (layer F.Cu) (tedit 5880A862) (tstamp 5C810310)
    (at 252.73 78.74)
    (descr "LED, Round, FlatTop, diameter 5.0mm, 2 pins, http://www.kingbright.com/attachments/file/psearch/000/00/00/L-483GDT(Ver.15B).pdf")
    (tags "LED Round FlatTop diameter 5.0mm 2 pins")
    (path /5C758054)
    (fp_text reference D5 (at 1.27 -4.01) (layer F.SilkS)
      (effects (font (size 1 1) (thickness 0.15)))
    )
    (fp_text value LED (at 1.27 4.01) (layer F.Fab)
      (effects (font (size 1 1) (thickness 0.15)))
    )
    (fp_arc (start 1.27 0) (end -1.23 -1.566046) (angle 295.9) (layer F.Fab) (width 0.1))
    (fp_arc (start 1.27 0) (end -1.29 -1.639512) (angle 147.4) (layer F.SilkS) (width 0.12))
    (fp_arc (start 1.27 0) (end -1.29 1.639512) (angle -147.4) (layer F.SilkS) (width 0.12))
    (fp_circle (center 1.27 0) (end 3.77 0) (layer F.Fab) (width 0.1))
    (fp_circle (center 1.27 0) (end 3.77 0) (layer F.SilkS) (width 0.12))
    (fp_line (start -1.23 -1.566046) (end -1.23 1.566046) (layer F.Fab) (width 0.1))
    (fp_line (start -1.29 -1.64) (end -1.29 1.64) (layer F.SilkS) (width 0.12))
    (fp_line (start -2 -3.3) (end -2 3.3) (layer F.CrtYd) (width 0.05))
    (fp_line (start -2 3.3) (end 4.55 3.3) (layer F.CrtYd) (width 0.05))
    (fp_line (start 4.55 3.3) (end 4.55 -3.3) (layer F.CrtYd) (width 0.05))
    (fp_line (start 4.55 -3.3) (end -2 -3.3) (layer F.CrtYd) (width 0.05))
    (pad 1 thru_hole rect (at 0 0) (size 1.8 1.8) (drill 0.9) (layers *.Cu *.Mask)
      (net 18 "Net-(D4-Pad1)"))
    (pad 2 thru_hole circle (at 2.54 0) (size 1.8 1.8) (drill 0.9) (layers *.Cu *.Mask)
      (net 3 "Net-(D5-Pad2)"))
    (model ${KISYS3DMOD}/LED_THT.3dshapes/LED_D5.0mm_FlatTop.wrl
      (at (xyz 0 0 0))
      (scale (xyz 1 1 1))
      (rotate (xyz 0 0 0))
    )
  )

  (module LED_THT:LED_D5.0mm_FlatTop (layer F.Cu) (tedit 5880A862) (tstamp 5C810321)
    (at 255.27 97.79 180)
    (descr "LED, Round, FlatTop, diameter 5.0mm, 2 pins, http://www.kingbright.com/attachments/file/psearch/000/00/00/L-483GDT(Ver.15B).pdf")
    (tags "LED Round FlatTop diameter 5.0mm 2 pins")
    (path /5C75805B)
    (fp_text reference D6 (at 1.27 -4.01 180) (layer F.SilkS)
      (effects (font (size 1 1) (thickness 0.15)))
    )
    (fp_text value LED (at 1.27 4.01 180) (layer F.Fab)
      (effects (font (size 1 1) (thickness 0.15)))
    )
    (fp_line (start 4.55 -3.3) (end -2 -3.3) (layer F.CrtYd) (width 0.05))
    (fp_line (start 4.55 3.3) (end 4.55 -3.3) (layer F.CrtYd) (width 0.05))
    (fp_line (start -2 3.3) (end 4.55 3.3) (layer F.CrtYd) (width 0.05))
    (fp_line (start -2 -3.3) (end -2 3.3) (layer F.CrtYd) (width 0.05))
    (fp_line (start -1.29 -1.64) (end -1.29 1.64) (layer F.SilkS) (width 0.12))
    (fp_line (start -1.23 -1.566046) (end -1.23 1.566046) (layer F.Fab) (width 0.1))
    (fp_circle (center 1.27 0) (end 3.77 0) (layer F.SilkS) (width 0.12))
    (fp_circle (center 1.27 0) (end 3.77 0) (layer F.Fab) (width 0.1))
    (fp_arc (start 1.27 0) (end -1.29 1.639512) (angle -147.4) (layer F.SilkS) (width 0.12))
    (fp_arc (start 1.27 0) (end -1.29 -1.639512) (angle 147.4) (layer F.SilkS) (width 0.12))
    (fp_arc (start 1.27 0) (end -1.23 -1.566046) (angle 295.9) (layer F.Fab) (width 0.1))
    (pad 2 thru_hole circle (at 2.54 0 180) (size 1.8 1.8) (drill 0.9) (layers *.Cu *.Mask)
      (net 4 "Net-(D6-Pad2)"))
    (pad 1 thru_hole rect (at 0 0 180) (size 1.8 1.8) (drill 0.9) (layers *.Cu *.Mask)
      (net 3 "Net-(D5-Pad2)"))
    (model ${KISYS3DMOD}/LED_THT.3dshapes/LED_D5.0mm_FlatTop.wrl
      (at (xyz 0 0 0))
      (scale (xyz 1 1 1))
      (rotate (xyz 0 0 0))
    )
  )

  (module LED_THT:LED_D5.0mm_FlatTop (layer F.Cu) (tedit 5880A862) (tstamp 5C810332)
    (at 240.03 114.3 180)
    (descr "LED, Round, FlatTop, diameter 5.0mm, 2 pins, http://www.kingbright.com/attachments/file/psearch/000/00/00/L-483GDT(Ver.15B).pdf")
    (tags "LED Round FlatTop diameter 5.0mm 2 pins")
    (path /5C758062)
    (fp_text reference D7 (at 1.27 -4.01 180) (layer F.SilkS)
      (effects (font (size 1 1) (thickness 0.15)))
    )
    (fp_text value LED (at 1.27 4.01 180) (layer F.Fab)
      (effects (font (size 1 1) (thickness 0.15)))
    )
    (fp_line (start 4.55 -3.3) (end -2 -3.3) (layer F.CrtYd) (width 0.05))
    (fp_line (start 4.55 3.3) (end 4.55 -3.3) (layer F.CrtYd) (width 0.05))
    (fp_line (start -2 3.3) (end 4.55 3.3) (layer F.CrtYd) (width 0.05))
    (fp_line (start -2 -3.3) (end -2 3.3) (layer F.CrtYd) (width 0.05))
    (fp_line (start -1.29 -1.64) (end -1.29 1.64) (layer F.SilkS) (width 0.12))
    (fp_line (start -1.23 -1.566046) (end -1.23 1.566046) (layer F.Fab) (width 0.1))
    (fp_circle (center 1.27 0) (end 3.77 0) (layer F.SilkS) (width 0.12))
    (fp_circle (center 1.27 0) (end 3.77 0) (layer F.Fab) (width 0.1))
    (fp_arc (start 1.27 0) (end -1.29 1.639512) (angle -147.4) (layer F.SilkS) (width 0.12))
    (fp_arc (start 1.27 0) (end -1.29 -1.639512) (angle 147.4) (layer F.SilkS) (width 0.12))
    (fp_arc (start 1.27 0) (end -1.23 -1.566046) (angle 295.9) (layer F.Fab) (width 0.1))
    (pad 2 thru_hole circle (at 2.54 0 180) (size 1.8 1.8) (drill 0.9) (layers *.Cu *.Mask)
      (net 5 "Net-(D7-Pad2)"))
    (pad 1 thru_hole rect (at 0 0 180) (size 1.8 1.8) (drill 0.9) (layers *.Cu *.Mask)
      (net 4 "Net-(D6-Pad2)"))
    (model ${KISYS3DMOD}/LED_THT.3dshapes/LED_D5.0mm_FlatTop.wrl
      (at (xyz 0 0 0))
      (scale (xyz 1 1 1))
      (rotate (xyz 0 0 0))
    )
  )

  (module LED_THT:LED_D5.0mm_FlatTop (layer F.Cu) (tedit 5880A862) (tstamp 5C810343)
    (at 218.44 114.3 180)
    (descr "LED, Round, FlatTop, diameter 5.0mm, 2 pins, http://www.kingbright.com/attachments/file/psearch/000/00/00/L-483GDT(Ver.15B).pdf")
    (tags "LED Round FlatTop diameter 5.0mm 2 pins")
    (path /5C758069)
    (fp_text reference D8 (at 1.27 -4.01 180) (layer F.SilkS)
      (effects (font (size 1 1) (thickness 0.15)))
    )
    (fp_text value LED (at 1.27 4.01 180) (layer F.Fab)
      (effects (font (size 1 1) (thickness 0.15)))
    )
    (fp_line (start 4.55 -3.3) (end -2 -3.3) (layer F.CrtYd) (width 0.05))
    (fp_line (start 4.55 3.3) (end 4.55 -3.3) (layer F.CrtYd) (width 0.05))
    (fp_line (start -2 3.3) (end 4.55 3.3) (layer F.CrtYd) (width 0.05))
    (fp_line (start -2 -3.3) (end -2 3.3) (layer F.CrtYd) (width 0.05))
    (fp_line (start -1.29 -1.64) (end -1.29 1.64) (layer F.SilkS) (width 0.12))
    (fp_line (start -1.23 -1.566046) (end -1.23 1.566046) (layer F.Fab) (width 0.1))
    (fp_circle (center 1.27 0) (end 3.77 0) (layer F.SilkS) (width 0.12))
    (fp_circle (center 1.27 0) (end 3.77 0) (layer F.Fab) (width 0.1))
    (fp_arc (start 1.27 0) (end -1.29 1.639512) (angle -147.4) (layer F.SilkS) (width 0.12))
    (fp_arc (start 1.27 0) (end -1.29 -1.639512) (angle 147.4) (layer F.SilkS) (width 0.12))
    (fp_arc (start 1.27 0) (end -1.23 -1.566046) (angle 295.9) (layer F.Fab) (width 0.1))
    (pad 2 thru_hole circle (at 2.54 0 180) (size 1.8 1.8) (drill 0.9) (layers *.Cu *.Mask)
      (net 2 "Net-(D1-Pad2)"))
    (pad 1 thru_hole rect (at 0 0 180) (size 1.8 1.8) (drill 0.9) (layers *.Cu *.Mask)
      (net 5 "Net-(D7-Pad2)"))
    (model ${KISYS3DMOD}/LED_THT.3dshapes/LED_D5.0mm_FlatTop.wrl
      (at (xyz 0 0 0))
      (scale (xyz 1 1 1))
      (rotate (xyz 0 0 0))
    )
  )

  (module LED_THT:LED_D5.0mm_FlatTop (layer F.Cu) (tedit 5880A862) (tstamp 5C810354)
    (at 247.65 101.6 270)
    (descr "LED, Round, FlatTop, diameter 5.0mm, 2 pins, http://www.kingbright.com/attachments/file/psearch/000/00/00/L-483GDT(Ver.15B).pdf")
    (tags "LED Round FlatTop diameter 5.0mm 2 pins")
    (path /5C756A69)
    (fp_text reference D9 (at 1.27 -4.01 270) (layer F.SilkS)
      (effects (font (size 1 1) (thickness 0.15)))
    )
    (fp_text value LED (at 1.27 4.01 270) (layer F.Fab)
      (effects (font (size 1 1) (thickness 0.15)))
    )
    (fp_line (start 4.55 -3.3) (end -2 -3.3) (layer F.CrtYd) (width 0.05))
    (fp_line (start 4.55 3.3) (end 4.55 -3.3) (layer F.CrtYd) (width 0.05))
    (fp_line (start -2 3.3) (end 4.55 3.3) (layer F.CrtYd) (width 0.05))
    (fp_line (start -2 -3.3) (end -2 3.3) (layer F.CrtYd) (width 0.05))
    (fp_line (start -1.29 -1.64) (end -1.29 1.64) (layer F.SilkS) (width 0.12))
    (fp_line (start -1.23 -1.566046) (end -1.23 1.566046) (layer F.Fab) (width 0.1))
    (fp_circle (center 1.27 0) (end 3.77 0) (layer F.SilkS) (width 0.12))
    (fp_circle (center 1.27 0) (end 3.77 0) (layer F.Fab) (width 0.1))
    (fp_arc (start 1.27 0) (end -1.29 1.639512) (angle -147.4) (layer F.SilkS) (width 0.12))
    (fp_arc (start 1.27 0) (end -1.29 -1.639512) (angle 147.4) (layer F.SilkS) (width 0.12))
    (fp_arc (start 1.27 0) (end -1.23 -1.566046) (angle 295.9) (layer F.Fab) (width 0.1))
    (pad 2 thru_hole circle (at 2.54 0 270) (size 1.8 1.8) (drill 0.9) (layers *.Cu *.Mask)
      (net 6 "Net-(D10-Pad1)"))
    (pad 1 thru_hole rect (at 0 0 270) (size 1.8 1.8) (drill 0.9) (layers *.Cu *.Mask)
      (net 22 "Net-(D20-Pad1)"))
    (model ${KISYS3DMOD}/LED_THT.3dshapes/LED_D5.0mm_FlatTop.wrl
      (at (xyz 0 0 0))
      (scale (xyz 1 1 1))
      (rotate (xyz 0 0 0))
    )
  )

  (module LED_THT:LED_D5.0mm_FlatTop (layer F.Cu) (tedit 5880A862) (tstamp 5C810365)
    (at 247.65 111.76 180)
    (descr "LED, Round, FlatTop, diameter 5.0mm, 2 pins, http://www.kingbright.com/attachments/file/psearch/000/00/00/L-483GDT(Ver.15B).pdf")
    (tags "LED Round FlatTop diameter 5.0mm 2 pins")
    (path /5C756ACB)
    (fp_text reference D10 (at 1.27 -4.01 180) (layer F.SilkS)
      (effects (font (size 1 1) (thickness 0.15)))
    )
    (fp_text value LED (at 1.27 4.01 180) (layer F.Fab)
      (effects (font (size 1 1) (thickness 0.15)))
    )
    (fp_arc (start 1.27 0) (end -1.23 -1.566046) (angle 295.9) (layer F.Fab) (width 0.1))
    (fp_arc (start 1.27 0) (end -1.29 -1.639512) (angle 147.4) (layer F.SilkS) (width 0.12))
    (fp_arc (start 1.27 0) (end -1.29 1.639512) (angle -147.4) (layer F.SilkS) (width 0.12))
    (fp_circle (center 1.27 0) (end 3.77 0) (layer F.Fab) (width 0.1))
    (fp_circle (center 1.27 0) (end 3.77 0) (layer F.SilkS) (width 0.12))
    (fp_line (start -1.23 -1.566046) (end -1.23 1.566046) (layer F.Fab) (width 0.1))
    (fp_line (start -1.29 -1.64) (end -1.29 1.64) (layer F.SilkS) (width 0.12))
    (fp_line (start -2 -3.3) (end -2 3.3) (layer F.CrtYd) (width 0.05))
    (fp_line (start -2 3.3) (end 4.55 3.3) (layer F.CrtYd) (width 0.05))
    (fp_line (start 4.55 3.3) (end 4.55 -3.3) (layer F.CrtYd) (width 0.05))
    (fp_line (start 4.55 -3.3) (end -2 -3.3) (layer F.CrtYd) (width 0.05))
    (pad 1 thru_hole rect (at 0 0 180) (size 1.8 1.8) (drill 0.9) (layers *.Cu *.Mask)
      (net 6 "Net-(D10-Pad1)"))
    (pad 2 thru_hole circle (at 2.54 0 180) (size 1.8 1.8) (drill 0.9) (layers *.Cu *.Mask)
      (net 7 "Net-(D10-Pad2)"))
    (model ${KISYS3DMOD}/LED_THT.3dshapes/LED_D5.0mm_FlatTop.wrl
      (at (xyz 0 0 0))
      (scale (xyz 1 1 1))
      (rotate (xyz 0 0 0))
    )
  )

  (module LED_THT:LED_D5.0mm_FlatTop (layer F.Cu) (tedit 5880A862) (tstamp 5C810376)
    (at 231.14 111.76 270)
    (descr "LED, Round, FlatTop, diameter 5.0mm, 2 pins, http://www.kingbright.com/attachments/file/psearch/000/00/00/L-483GDT(Ver.15B).pdf")
    (tags "LED Round FlatTop diameter 5.0mm 2 pins")
    (path /5C756AFB)
    (fp_text reference D11 (at 1.27 -4.01 270) (layer F.SilkS)
      (effects (font (size 1 1) (thickness 0.15)))
    )
    (fp_text value LED (at 1.27 4.01 270) (layer F.Fab)
      (effects (font (size 1 1) (thickness 0.15)))
    )
    (fp_arc (start 1.27 0) (end -1.23 -1.566046) (angle 295.9) (layer F.Fab) (width 0.1))
    (fp_arc (start 1.27 0) (end -1.29 -1.639512) (angle 147.4) (layer F.SilkS) (width 0.12))
    (fp_arc (start 1.27 0) (end -1.29 1.639512) (angle -147.4) (layer F.SilkS) (width 0.12))
    (fp_circle (center 1.27 0) (end 3.77 0) (layer F.Fab) (width 0.1))
    (fp_circle (center 1.27 0) (end 3.77 0) (layer F.SilkS) (width 0.12))
    (fp_line (start -1.23 -1.566046) (end -1.23 1.566046) (layer F.Fab) (width 0.1))
    (fp_line (start -1.29 -1.64) (end -1.29 1.64) (layer F.SilkS) (width 0.12))
    (fp_line (start -2 -3.3) (end -2 3.3) (layer F.CrtYd) (width 0.05))
    (fp_line (start -2 3.3) (end 4.55 3.3) (layer F.CrtYd) (width 0.05))
    (fp_line (start 4.55 3.3) (end 4.55 -3.3) (layer F.CrtYd) (width 0.05))
    (fp_line (start 4.55 -3.3) (end -2 -3.3) (layer F.CrtYd) (width 0.05))
    (pad 1 thru_hole rect (at 0 0 270) (size 1.8 1.8) (drill 0.9) (layers *.Cu *.Mask)
      (net 7 "Net-(D10-Pad2)"))
    (pad 2 thru_hole circle (at 2.54 0 270) (size 1.8 1.8) (drill 0.9) (layers *.Cu *.Mask)
      (net 8 "Net-(D11-Pad2)"))
    (model ${KISYS3DMOD}/LED_THT.3dshapes/LED_D5.0mm_FlatTop.wrl
      (at (xyz 0 0 0))
      (scale (xyz 1 1 1))
      (rotate (xyz 0 0 0))
    )
  )

  (module LED_THT:LED_D5.0mm_FlatTop (layer F.Cu) (tedit 5880A862) (tstamp 5C810387)
    (at 226.06 118.11 180)
    (descr "LED, Round, FlatTop, diameter 5.0mm, 2 pins, http://www.kingbright.com/attachments/file/psearch/000/00/00/L-483GDT(Ver.15B).pdf")
    (tags "LED Round FlatTop diameter 5.0mm 2 pins")
    (path /5C756B2D)
    (fp_text reference D12 (at 1.27 -4.01 180) (layer F.SilkS)
      (effects (font (size 1 1) (thickness 0.15)))
    )
    (fp_text value LED (at 1.27 4.01 180) (layer F.Fab)
      (effects (font (size 1 1) (thickness 0.15)))
    )
    (fp_line (start 4.55 -3.3) (end -2 -3.3) (layer F.CrtYd) (width 0.05))
    (fp_line (start 4.55 3.3) (end 4.55 -3.3) (layer F.CrtYd) (width 0.05))
    (fp_line (start -2 3.3) (end 4.55 3.3) (layer F.CrtYd) (width 0.05))
    (fp_line (start -2 -3.3) (end -2 3.3) (layer F.CrtYd) (width 0.05))
    (fp_line (start -1.29 -1.64) (end -1.29 1.64) (layer F.SilkS) (width 0.12))
    (fp_line (start -1.23 -1.566046) (end -1.23 1.566046) (layer F.Fab) (width 0.1))
    (fp_circle (center 1.27 0) (end 3.77 0) (layer F.SilkS) (width 0.12))
    (fp_circle (center 1.27 0) (end 3.77 0) (layer F.Fab) (width 0.1))
    (fp_arc (start 1.27 0) (end -1.29 1.639512) (angle -147.4) (layer F.SilkS) (width 0.12))
    (fp_arc (start 1.27 0) (end -1.29 -1.639512) (angle 147.4) (layer F.SilkS) (width 0.12))
    (fp_arc (start 1.27 0) (end -1.23 -1.566046) (angle 295.9) (layer F.Fab) (width 0.1))
    (pad 2 thru_hole circle (at 2.54 0 180) (size 1.8 1.8) (drill 0.9) (layers *.Cu *.Mask)
      (net 9 "Net-(D12-Pad2)"))
    (pad 1 thru_hole rect (at 0 0 180) (size 1.8 1.8) (drill 0.9) (layers *.Cu *.Mask)
      (net 8 "Net-(D11-Pad2)"))
    (model ${KISYS3DMOD}/LED_THT.3dshapes/LED_D5.0mm_FlatTop.wrl
      (at (xyz 0 0 0))
      (scale (xyz 1 1 1))
      (rotate (xyz 0 0 0))
    )
  )

  (module LED_THT:LED_D5.0mm_FlatTop (layer F.Cu) (tedit 5880A862) (tstamp 5C810398)
    (at 213.36 109.22 90)
    (descr "LED, Round, FlatTop, diameter 5.0mm, 2 pins, http://www.kingbright.com/attachments/file/psearch/000/00/00/L-483GDT(Ver.15B).pdf")
    (tags "LED Round FlatTop diameter 5.0mm 2 pins")
    (path /5C756B63)
    (fp_text reference D13 (at 1.27 -4.01 90) (layer F.SilkS)
      (effects (font (size 1 1) (thickness 0.15)))
    )
    (fp_text value LED (at 1.27 4.01 90) (layer F.Fab)
      (effects (font (size 1 1) (thickness 0.15)))
    )
    (fp_arc (start 1.27 0) (end -1.23 -1.566046) (angle 295.9) (layer F.Fab) (width 0.1))
    (fp_arc (start 1.27 0) (end -1.29 -1.639512) (angle 147.4) (layer F.SilkS) (width 0.12))
    (fp_arc (start 1.27 0) (end -1.29 1.639512) (angle -147.4) (layer F.SilkS) (width 0.12))
    (fp_circle (center 1.27 0) (end 3.77 0) (layer F.Fab) (width 0.1))
    (fp_circle (center 1.27 0) (end 3.77 0) (layer F.SilkS) (width 0.12))
    (fp_line (start -1.23 -1.566046) (end -1.23 1.566046) (layer F.Fab) (width 0.1))
    (fp_line (start -1.29 -1.64) (end -1.29 1.64) (layer F.SilkS) (width 0.12))
    (fp_line (start -2 -3.3) (end -2 3.3) (layer F.CrtYd) (width 0.05))
    (fp_line (start -2 3.3) (end 4.55 3.3) (layer F.CrtYd) (width 0.05))
    (fp_line (start 4.55 3.3) (end 4.55 -3.3) (layer F.CrtYd) (width 0.05))
    (fp_line (start 4.55 -3.3) (end -2 -3.3) (layer F.CrtYd) (width 0.05))
    (pad 1 thru_hole rect (at 0 0 90) (size 1.8 1.8) (drill 0.9) (layers *.Cu *.Mask)
      (net 10 "Net-(D13-Pad1)"))
    (pad 2 thru_hole circle (at 2.54 0 90) (size 1.8 1.8) (drill 0.9) (layers *.Cu *.Mask)
      (net 9 "Net-(D12-Pad2)"))
    (model ${KISYS3DMOD}/LED_THT.3dshapes/LED_D5.0mm_FlatTop.wrl
      (at (xyz 0 0 0))
      (scale (xyz 1 1 1))
      (rotate (xyz 0 0 0))
    )
  )

  (module LED_THT:LED_D5.0mm_FlatTop (layer F.Cu) (tedit 5880A862) (tstamp 5C8103A9)
    (at 205.74 104.14 270)
    (descr "LED, Round, FlatTop, diameter 5.0mm, 2 pins, http://www.kingbright.com/attachments/file/psearch/000/00/00/L-483GDT(Ver.15B).pdf")
    (tags "LED Round FlatTop diameter 5.0mm 2 pins")
    (path /5C756B9D)
    (fp_text reference D14 (at 1.27 -4.01 270) (layer F.SilkS)
      (effects (font (size 1 1) (thickness 0.15)))
    )
    (fp_text value LED (at 1.27 4.01 270) (layer F.Fab)
      (effects (font (size 1 1) (thickness 0.15)))
    )
    (fp_line (start 4.55 -3.3) (end -2 -3.3) (layer F.CrtYd) (width 0.05))
    (fp_line (start 4.55 3.3) (end 4.55 -3.3) (layer F.CrtYd) (width 0.05))
    (fp_line (start -2 3.3) (end 4.55 3.3) (layer F.CrtYd) (width 0.05))
    (fp_line (start -2 -3.3) (end -2 3.3) (layer F.CrtYd) (width 0.05))
    (fp_line (start -1.29 -1.64) (end -1.29 1.64) (layer F.SilkS) (width 0.12))
    (fp_line (start -1.23 -1.566046) (end -1.23 1.566046) (layer F.Fab) (width 0.1))
    (fp_circle (center 1.27 0) (end 3.77 0) (layer F.SilkS) (width 0.12))
    (fp_circle (center 1.27 0) (end 3.77 0) (layer F.Fab) (width 0.1))
    (fp_arc (start 1.27 0) (end -1.29 1.639512) (angle -147.4) (layer F.SilkS) (width 0.12))
    (fp_arc (start 1.27 0) (end -1.29 -1.639512) (angle 147.4) (layer F.SilkS) (width 0.12))
    (fp_arc (start 1.27 0) (end -1.23 -1.566046) (angle 295.9) (layer F.Fab) (width 0.1))
    (pad 2 thru_hole circle (at 2.54 0 270) (size 1.8 1.8) (drill 0.9) (layers *.Cu *.Mask)
      (net 10 "Net-(D13-Pad1)"))
    (pad 1 thru_hole rect (at 0 0 270) (size 1.8 1.8) (drill 0.9) (layers *.Cu *.Mask)
      (net 19 "Net-(D14-Pad1)"))
    (model ${KISYS3DMOD}/LED_THT.3dshapes/LED_D5.0mm_FlatTop.wrl
      (at (xyz 0 0 0))
      (scale (xyz 1 1 1))
      (rotate (xyz 0 0 0))
    )
  )

  (module LED_THT:LED_D5.0mm_FlatTop (layer F.Cu) (tedit 5D66C9A9) (tstamp 5C8103CB)
    (at 199.39 83.82 270)
    (descr "LED, Round, FlatTop, diameter 5.0mm, 2 pins, http://www.kingbright.com/attachments/file/psearch/000/00/00/L-483GDT(Ver.15B).pdf")
    (tags "LED Round FlatTop diameter 5.0mm 2 pins")
    (path /5C756C21)
    (fp_text reference D16 (at 1.27 -4.01 270) (layer F.SilkS)
      (effects (font (size 1 1) (thickness 0.15)))
    )
    (fp_text value LED (at 1.27 4.01 270) (layer F.Fab)
      (effects (font (size 1 1) (thickness 0.15)))
    )
    (fp_line (start 4.55 -3.3) (end -2 -3.3) (layer F.CrtYd) (width 0.05))
    (fp_line (start 4.55 3.3) (end 4.55 -3.3) (layer F.CrtYd) (width 0.05))
    (fp_line (start -2 3.3) (end 4.55 3.3) (layer F.CrtYd) (width 0.05))
    (fp_line (start -2 -3.3) (end -2 3.3) (layer F.CrtYd) (width 0.05))
    (fp_line (start -1.29 -1.64) (end -1.29 1.64) (layer F.SilkS) (width 0.12))
    (fp_line (start -1.23 -1.566046) (end -1.23 1.566046) (layer F.Fab) (width 0.1))
    (fp_circle (center 1.27 0) (end 3.77 0) (layer F.SilkS) (width 0.12))
    (fp_circle (center 1.27 0) (end 3.77 0) (layer F.Fab) (width 0.1))
    (fp_arc (start 1.27 0) (end -1.29 1.639512) (angle -147.4) (layer F.SilkS) (width 0.12))
    (fp_arc (start 1.27 0) (end -1.29 -1.639512) (angle 147.4) (layer F.SilkS) (width 0.12))
    (fp_arc (start 1.27 0) (end -1.23 -1.566046) (angle 295.9) (layer F.Fab) (width 0.1))
    (pad 2 thru_hole circle (at 2.54 0 270) (size 1.8 1.8) (drill 0.9) (layers *.Cu *.Mask)
      (net 20 "Net-(D15-Pad1)"))
    (pad 1 thru_hole rect (at 0 0 270) (size 1.8 1.8) (drill 0.9) (layers *.Cu *.Mask)
      (net 21 "Net-(D16-Pad1)"))
    (model ${KISYS3DMOD}/LED_THT.3dshapes/LED_D5.0mm_FlatTop.wrl
      (at (xyz 0 0 0))
      (scale (xyz 1 1 1))
      (rotate (xyz 0 0 0))
    )
  )

  (module MountingHole:MountingHole_2.7mm_M2.5_ISO14580_Pad (layer F.Cu) (tedit 56D1B4CB) (tstamp 5D722F82)
    (at 190.5 88.9)
    (descr "Mounting Hole 2.7mm, M2.5, ISO14580")
    (tags "mounting hole 2.7mm m2.5 iso14580")
    (path /5D657998)
    (attr virtual)
    (fp_text reference MH1 (at 0 -3.25) (layer F.SilkS)
      (effects (font (size 1 1) (thickness 0.15)))
    )
    (fp_text value MountingHole (at 0 3.25) (layer F.Fab)
      (effects (font (size 1 1) (thickness 0.15)))
    )
    (fp_circle (center 0 0) (end 2.5 0) (layer F.CrtYd) (width 0.05))
    (fp_circle (center 0 0) (end 2.25 0) (layer Cmts.User) (width 0.15))
    (fp_text user %R (at 0.3 0) (layer F.Fab)
      (effects (font (size 1 1) (thickness 0.15)))
    )
    (pad 1 thru_hole circle (at 0 0) (size 4.5 4.5) (drill 2.7) (layers *.Cu *.Mask))
  )

  (module MountingHole:MountingHole_2.7mm_M2.5_ISO14580_Pad (layer F.Cu) (tedit 56D1B4CB) (tstamp 5D722F89)
    (at 266.7 88.9)
    (descr "Mounting Hole 2.7mm, M2.5, ISO14580")
    (tags "mounting hole 2.7mm m2.5 iso14580")
    (path /5D657A2D)
    (attr virtual)
    (fp_text reference MH2 (at 0 -3.25) (layer F.SilkS)
      (effects (font (size 1 1) (thickness 0.15)))
    )
    (fp_text value MountingHole (at 0 3.25) (layer F.Fab)
      (effects (font (size 1 1) (thickness 0.15)))
    )
    (fp_text user %R (at 0.3 0) (layer F.Fab)
      (effects (font (size 1 1) (thickness 0.15)))
    )
    (fp_circle (center 0 0) (end 2.25 0) (layer Cmts.User) (width 0.15))
    (fp_circle (center 0 0) (end 2.5 0) (layer F.CrtYd) (width 0.05))
    (pad 1 thru_hole circle (at 0 0) (size 4.5 4.5) (drill 2.7) (layers *.Cu *.Mask))
  )

  (module LED_THT:LED_D5.0mm_FlatTop (layer F.Cu) (tedit 5880A862) (tstamp 5D723A04)
    (at 204.47 91.44 270)
    (descr "LED, Round, FlatTop, diameter 5.0mm, 2 pins, http://www.kingbright.com/attachments/file/psearch/000/00/00/L-483GDT(Ver.15B).pdf")
    (tags "LED Round FlatTop diameter 5.0mm 2 pins")
    (path /5C756BD9)
    (fp_text reference D15 (at 1.27 -4.01 270) (layer F.SilkS)
      (effects (font (size 1 1) (thickness 0.15)))
    )
    (fp_text value LED (at 1.27 4.01 270) (layer F.Fab)
      (effects (font (size 1 1) (thickness 0.15)))
    )
    (fp_arc (start 1.27 0) (end -1.23 -1.566046) (angle 295.9) (layer F.Fab) (width 0.1))
    (fp_arc (start 1.27 0) (end -1.29 -1.639512) (angle 147.4) (layer F.SilkS) (width 0.12))
    (fp_arc (start 1.27 0) (end -1.29 1.639512) (angle -147.4) (layer F.SilkS) (width 0.12))
    (fp_circle (center 1.27 0) (end 3.77 0) (layer F.Fab) (width 0.1))
    (fp_circle (center 1.27 0) (end 3.77 0) (layer F.SilkS) (width 0.12))
    (fp_line (start -1.23 -1.566046) (end -1.23 1.566046) (layer F.Fab) (width 0.1))
    (fp_line (start -1.29 -1.64) (end -1.29 1.64) (layer F.SilkS) (width 0.12))
    (fp_line (start -2 -3.3) (end -2 3.3) (layer F.CrtYd) (width 0.05))
    (fp_line (start -2 3.3) (end 4.55 3.3) (layer F.CrtYd) (width 0.05))
    (fp_line (start 4.55 3.3) (end 4.55 -3.3) (layer F.CrtYd) (width 0.05))
    (fp_line (start 4.55 -3.3) (end -2 -3.3) (layer F.CrtYd) (width 0.05))
    (pad 1 thru_hole rect (at 0 0 270) (size 1.8 1.8) (drill 0.9) (layers *.Cu *.Mask)
      (net 20 "Net-(D15-Pad1)"))
    (pad 2 thru_hole circle (at 2.54 0 270) (size 1.8 1.8) (drill 0.9) (layers *.Cu *.Mask)
      (net 19 "Net-(D14-Pad1)"))
    (model ${KISYS3DMOD}/LED_THT.3dshapes/LED_D5.0mm_FlatTop.wrl
      (at (xyz 0 0 0))
      (scale (xyz 1 1 1))
      (rotate (xyz 0 0 0))
    )
  )

  (module LED_THT:LED_D5.0mm_FlatTop (layer F.Cu) (tedit 5880A862) (tstamp 5D7B08DD)
    (at 245.11 69.85 180)
    (descr "LED, Round, FlatTop, diameter 5.0mm, 2 pins, http://www.kingbright.com/attachments/file/psearch/000/00/00/L-483GDT(Ver.15B).pdf")
    (tags "LED Round FlatTop diameter 5.0mm 2 pins")
    (path /5D6EC838)
    (fp_text reference D17 (at 1.27 -4.01 180) (layer F.SilkS)
      (effects (font (size 1 1) (thickness 0.15)))
    )
    (fp_text value LED (at 1.27 4.01 180) (layer F.Fab)
      (effects (font (size 1 1) (thickness 0.15)))
    )
    (fp_line (start 4.55 -3.3) (end -2 -3.3) (layer F.CrtYd) (width 0.05))
    (fp_line (start 4.55 3.3) (end 4.55 -3.3) (layer F.CrtYd) (width 0.05))
    (fp_line (start -2 3.3) (end 4.55 3.3) (layer F.CrtYd) (width 0.05))
    (fp_line (start -2 -3.3) (end -2 3.3) (layer F.CrtYd) (width 0.05))
    (fp_line (start -1.29 -1.64) (end -1.29 1.64) (layer F.SilkS) (width 0.12))
    (fp_line (start -1.23 -1.566046) (end -1.23 1.566046) (layer F.Fab) (width 0.1))
    (fp_circle (center 1.27 0) (end 3.77 0) (layer F.SilkS) (width 0.12))
    (fp_circle (center 1.27 0) (end 3.77 0) (layer F.Fab) (width 0.1))
    (fp_arc (start 1.27 0) (end -1.29 1.639512) (angle -147.4) (layer F.SilkS) (width 0.12))
    (fp_arc (start 1.27 0) (end -1.29 -1.639512) (angle 147.4) (layer F.SilkS) (width 0.12))
    (fp_arc (start 1.27 0) (end -1.23 -1.566046) (angle 295.9) (layer F.Fab) (width 0.1))
    (pad 2 thru_hole circle (at 2.54 0 180) (size 1.8 1.8) (drill 0.9) (layers *.Cu *.Mask)
      (net 11 "Net-(D17-Pad2)"))
    (pad 1 thru_hole rect (at 0 0 180) (size 1.8 1.8) (drill 0.9) (layers *.Cu *.Mask)
      (net 12 "Net-(D17-Pad1)"))
    (model ${KISYS3DMOD}/LED_THT.3dshapes/LED_D5.0mm_FlatTop.wrl
      (at (xyz 0 0 0))
      (scale (xyz 1 1 1))
      (rotate (xyz 0 0 0))
    )
  )

  (module LED_THT:LED_D5.0mm_FlatTop (layer F.Cu) (tedit 5880A862) (tstamp 5D7B08EE)
    (at 251.46 73.66 90)
    (descr "LED, Round, FlatTop, diameter 5.0mm, 2 pins, http://www.kingbright.com/attachments/file/psearch/000/00/00/L-483GDT(Ver.15B).pdf")
    (tags "LED Round FlatTop diameter 5.0mm 2 pins")
    (path /5D6EC888)
    (fp_text reference D18 (at 1.27 -4.01 90) (layer F.SilkS)
      (effects (font (size 1 1) (thickness 0.15)))
    )
    (fp_text value LED (at 1.27 4.01 90) (layer F.Fab)
      (effects (font (size 1 1) (thickness 0.15)))
    )
    (fp_arc (start 1.27 0) (end -1.23 -1.566046) (angle 295.9) (layer F.Fab) (width 0.1))
    (fp_arc (start 1.27 0) (end -1.29 -1.639512) (angle 147.4) (layer F.SilkS) (width 0.12))
    (fp_arc (start 1.27 0) (end -1.29 1.639512) (angle -147.4) (layer F.SilkS) (width 0.12))
    (fp_circle (center 1.27 0) (end 3.77 0) (layer F.Fab) (width 0.1))
    (fp_circle (center 1.27 0) (end 3.77 0) (layer F.SilkS) (width 0.12))
    (fp_line (start -1.23 -1.566046) (end -1.23 1.566046) (layer F.Fab) (width 0.1))
    (fp_line (start -1.29 -1.64) (end -1.29 1.64) (layer F.SilkS) (width 0.12))
    (fp_line (start -2 -3.3) (end -2 3.3) (layer F.CrtYd) (width 0.05))
    (fp_line (start -2 3.3) (end 4.55 3.3) (layer F.CrtYd) (width 0.05))
    (fp_line (start 4.55 3.3) (end 4.55 -3.3) (layer F.CrtYd) (width 0.05))
    (fp_line (start 4.55 -3.3) (end -2 -3.3) (layer F.CrtYd) (width 0.05))
    (pad 1 thru_hole rect (at 0 0 90) (size 1.8 1.8) (drill 0.9) (layers *.Cu *.Mask)
      (net 23 "Net-(D18-Pad1)"))
    (pad 2 thru_hole circle (at 2.54 0 90) (size 1.8 1.8) (drill 0.9) (layers *.Cu *.Mask)
      (net 12 "Net-(D17-Pad1)"))
    (model ${KISYS3DMOD}/LED_THT.3dshapes/LED_D5.0mm_FlatTop.wrl
      (at (xyz 0 0 0))
      (scale (xyz 1 1 1))
      (rotate (xyz 0 0 0))
    )
  )

  (module LED_THT:LED_D5.0mm_FlatTop (layer F.Cu) (tedit 5880A862) (tstamp 5D7B08FF)
    (at 252.73 86.36 90)
    (descr "LED, Round, FlatTop, diameter 5.0mm, 2 pins, http://www.kingbright.com/attachments/file/psearch/000/00/00/L-483GDT(Ver.15B).pdf")
    (tags "LED Round FlatTop diameter 5.0mm 2 pins")
    (path /5D6EC8E8)
    (fp_text reference D19 (at 1.27 -4.01 90) (layer F.SilkS)
      (effects (font (size 1 1) (thickness 0.15)))
    )
    (fp_text value LED (at 1.27 4.01 90) (layer F.Fab)
      (effects (font (size 1 1) (thickness 0.15)))
    )
    (fp_line (start 4.55 -3.3) (end -2 -3.3) (layer F.CrtYd) (width 0.05))
    (fp_line (start 4.55 3.3) (end 4.55 -3.3) (layer F.CrtYd) (width 0.05))
    (fp_line (start -2 3.3) (end 4.55 3.3) (layer F.CrtYd) (width 0.05))
    (fp_line (start -2 -3.3) (end -2 3.3) (layer F.CrtYd) (width 0.05))
    (fp_line (start -1.29 -1.64) (end -1.29 1.64) (layer F.SilkS) (width 0.12))
    (fp_line (start -1.23 -1.566046) (end -1.23 1.566046) (layer F.Fab) (width 0.1))
    (fp_circle (center 1.27 0) (end 3.77 0) (layer F.SilkS) (width 0.12))
    (fp_circle (center 1.27 0) (end 3.77 0) (layer F.Fab) (width 0.1))
    (fp_arc (start 1.27 0) (end -1.29 1.639512) (angle -147.4) (layer F.SilkS) (width 0.12))
    (fp_arc (start 1.27 0) (end -1.29 -1.639512) (angle 147.4) (layer F.SilkS) (width 0.12))
    (fp_arc (start 1.27 0) (end -1.23 -1.566046) (angle 295.9) (layer F.Fab) (width 0.1))
    (pad 2 thru_hole circle (at 2.54 0 90) (size 1.8 1.8) (drill 0.9) (layers *.Cu *.Mask)
      (net 23 "Net-(D18-Pad1)"))
    (pad 1 thru_hole rect (at 0 0 90) (size 1.8 1.8) (drill 0.9) (layers *.Cu *.Mask)
      (net 24 "Net-(D19-Pad1)"))
